-4.560757557526021189e-01
2.727778808141237410e-01
8.893653313500557434e-02
8.431791683529077375e-01
8.136383765449650696e-01
1.143819055884067737e+00
1.384952636843955309e+00
3.468229235520661202e-01
9.359751271567539055e-01
2.019700062750022340e+00
1.568541162331706040e+00
1.720555942053682896e+00
3.863511050667201019e-01
1.451977605527016379e+00
1.503976739478680491e+00
8.990965895123378404e-01
1.179773334980475541e+00
1.416023754137983426e+00
1.841559310553031681e+00
1.561800198998258615e+00
2.558823491267841810e+00
1.821228227445403469e+00
2.267005093529252946e+00
3.151236849462142331e+00
2.952731226833031464e+00
2.694199376415840064e+00
2.601692268211801107e+00
3.261271966523864307e+00
3.433479518091880234e+00
3.041303476300253550e+00
2.768689307491601248e+00
3.651832554186521307e+00
3.174626426686586012e+00
3.140327485208307845e+00
3.036313136545383706e+00
3.309495331546836283e+00
3.592732652331331433e+00
3.684157760977961882e+00
4.005422867166926970e+00
3.159253446030338530e+00
2.922834904695724934e+00
3.952773736299679541e+00
4.485201895051487142e+00
3.446576252854171685e+00
4.027413902057953798e+00
3.909928946049118448e+00
4.167441856086183449e+00
3.573796252854473998e+00
3.279668618258999579e+00
3.904708304468729629e+00
3.564519495408884797e+00
3.188099139962288220e+00
4.439886467549796656e+00
3.479128045899360977e+00
4.017886342188962345e+00
3.611509609252503417e+00
4.228512649873184870e+00
3.742630865919122307e+00
3.238329565297900725e+00
3.634708302954681614e+00
3.501395267276706580e+00
3.560989052871004201e+00
3.337846533812661942e+00
4.125975133756210056e+00
3.475319745768064461e+00
3.727330280151136321e+00
3.563042890921903627e+00
3.771508575822699161e+00
2.633574807309117638e+00
3.549761066659948838e+00
3.131824707978063227e+00
2.728557617606603536e+00
3.397404910277310286e+00
2.005655867983140883e+00
2.440344364576954028e+00
2.379854516629825500e+00
2.376548785355732996e+00
2.581914200830544459e+00
2.141405025776392357e+00
1.516687515267110209e+00
2.480381005484696644e+00
1.709693223582840149e+00
2.173453786027053525e+00
1.481361194136872950e+00
2.295302578822951300e+00
1.749748262187443171e+00
1.609399391393639744e+00
1.377082400196700362e+00
9.968022962140363763e-01
1.994997939834955769e+00
5.860576984217857888e-01
1.983536886723283210e+00
1.446917218448447340e+00
1.580613269122778108e+00
4.668071372972432131e-01
1.985342132962053530e-01
-3.423510350069379760e-01
9.523426683958551298e-01
6.272131867238860403e-01
1.826782211884957485e-01
1.074525622415516857e+00
-3.587247505981907558e-01
5.956629152574767216e-01
-5.009464954788480640e-01
-1.448598640608904087e-01
1.310473075787854658e-01
-3.942852785611394850e-01
-4.102915252428175896e-01
-6.334488255028131176e-02
3.667382383880146701e-03
1.292950880376889655e-01
-5.495151341514421528e-01
-1.378559366556818766e+00
-4.709555932441030768e-01
-4.660400101656042016e-01
-9.519227108321930420e-01
-1.367757392693114582e+00
-7.359523098852123191e-01
-1.706131019402635118e+00
-2.195065749829713031e+00
-1.208823716714245045e+00
-1.169427403351266381e+00
-1.321923295297825263e+00
-1.849270728854172319e+00
-7.236616610633687108e-01
-1.423261429901325759e+00
-1.993018020198321860e+00
-8.570074777006397859e-01
-1.479033532002837381e+00
-1.737178419870082369e+00
-2.021993025134354305e+00
-1.749465480399660100e+00
-1.385796938187408012e+00
-1.909753855283571333e+00
-1.673286836650879961e+00
-1.132485350237503186e+00
-1.430234674589737853e+00
-1.270873729828575049e+00
-1.941523585420083409e+00
-1.461320835928205941e+00
-1.643436159429544130e+00
-1.859375893245692746e+00
-1.587443984707921141e+00
-2.186244365778688525e+00
-1.870082788118619277e+00
-9.384129827165790250e-01
-2.491486702046654678e-01
-1.798673540585285169e+00
-1.575097275945487540e+00
-5.188627619581585027e-01
-1.629857905476437940e+00
-2.098733801484929273e+00
-1.281883369636157122e+00
-1.702587781339530704e+00
-9.257566800675934848e-01
-1.937409383802438878e+00
-1.756264109436036946e+00
-2.511144265717783597e+00
-1.544617716095381343e+00
-1.447887698759988906e+00
-7.018598202141067555e-01
-2.026206292169203227e+00
-1.681548137640113572e+00
-1.709689576980383263e+00
-1.741902982458321869e+00
-1.950140377346130993e+00
-1.809343222935184237e+00
-8.080466309975099515e-01
-1.184573611397572890e+00
-1.451849022090804908e+00
-7.593108346957594401e-01
-1.378247453961314983e+00
-2.055651526940511342e+00
-2.101577063268566192e+00
-1.483249221898231385e+00
-1.669092700990559841e+00
-1.525214898706080291e+00
-1.151815386442426536e+00
-1.919777561869919325e+00
-1.165369056467440156e+00
-1.200623458286657064e+00
-1.794876840212461300e+00
-1.957477447711549079e+00
-1.382894350760414115e+00
-9.356088200954523204e-01
-1.318704082930625798e+00
-8.708623699779357574e-01
-1.887477493167213138e+00
-6.528539127658383734e-01
-1.278937233752158065e+00
-1.328801999224962893e+00
-8.939205139232634378e-01
-7.725837823837442553e-01
-9.289086730300691874e-01
-2.277156017357447881e-01
-7.634855324854339376e-02
-2.195165325856197613e-01
-1.031940149742977431e+00
-7.303797857084273204e-01
-1.789009010730095550e+00
-1.134079123173455272e+00
-1.125542603103891537e+00
-2.441058666585711467e+00
-6.128830525856243661e-01
-7.095491647274059233e-01
-1.537215725843382508e+00
-9.820670363054481156e-01
-5.463794191560352731e-01
-1.079751485460231697e+00
-9.595700675832458115e-01
-1.147910781204993125e+00
-9.376880865388643738e-01
-8.025995045241666181e-01
-1.341122100871021683e+00
-1.645481863258883015e+00
-7.147953835964584446e-01
-1.051442445791868741e+00
-1.621795578410632377e+00
-8.622409054091044744e-01
-1.463934608303771867e+00
-1.686996870552278427e+00
-1.405359644566755106e+00
-1.519563470669804461e+00
-7.037032981250613828e-01
-2.901868554634675634e-01
-2.156122741318062808e+00
-9.217446350824620716e-02
-2.351589394787244602e-01
-1.724668604184734999e+00
-1.396330318625997657e+00
-1.446028015078046902e+00
-1.492199568865018477e+00
-8.798042854891272579e-01
-1.688161621855732930e+00
-1.665068873484158551e+00
-8.005554095694167316e-01
-2.131768910401488526e+00
-1.682253645622025173e+00
-1.588356033039951987e+00
-8.240174515743687866e-01
-6.050376603701856926e-01
-1.054007746862792860e+00
-1.004151850380671451e+00
-1.320347144938873729e+00
-1.344888491183330981e+00
-9.842060369605138970e-01
-1.404459484210021536e+00
-1.234480514300803078e-01
-1.748273957038294357e-01
-2.044752806127833278e+00
-8.964798540754921330e-01
-3.520196845198927393e-01
-1.129924005754664229e+00
-9.906102039349370392e-01
-1.420282545563098076e+00
-9.964550953657641541e-01
1.786744974644982609e-02
-1.541643906050969459e+00
-7.458901839452546367e-01
-2.988072443531027966e-01
-6.763691682790348159e-01
-8.663141322880714146e-01
-4.227740123082339152e-01
-6.440638935357879680e-01
-4.466295339304277023e-01
-2.555253898381821820e-01
-4.425158459462654736e-01
-4.302368081886053797e-01
4.636237541179635269e-01
-3.345296861490502094e-01
-1.016011555663646204e+00
-4.758122608438135615e-01
-1.120433195397965986e-01
3.639915978440864675e-01
-8.649401748755751740e-01
3.863531204754648285e-01
5.721029069249038423e-01
-3.946018924898032632e-01
4.270075882570251169e-03
-4.338822860754839583e-01
4.308357426010289704e-02
-3.108375605155330179e-01
7.556597668892650610e-01
-4.064899420979314337e-01
1.187759627046270694e+00
1.068794639429954341e+00
4.489626434498223961e-01
8.210554168897629124e-01
8.031022146610499179e-01
1.422101504110156345e+00
1.800685674834870298e+00
1.294559053810662608e+00
1.542095815421671290e+00
1.862407556878813208e+00
1.079631360929403261e+00
1.823903619786917840e+00
1.384548785633415768e+00
1.635704604156004827e+00
1.595834663558604261e+00
2.079199291122965754e+00
1.014744410670318953e+00
1.494578842554176834e+00
1.285103040967859878e+00
3.265732553728355025e+00
1.909209537041172133e+00
2.330447574923503407e+00
2.706534639148391985e+00
2.202690297767231797e+00
2.470993545639228905e+00
2.185724952262580345e+00
1.635484369906485824e+00
3.006370422677436594e+00
2.265399004557403728e+00
3.515052926105969089e+00
4.147843361884005375e+00
2.206800355910456979e+00
3.283644802854684297e+00
2.413404005238359407e+00
3.293377695417829987e+00
3.029141878118394082e+00
2.510406800799535709e+00
2.673078531343597852e+00
2.684003056041669666e+00
3.428282272228348582e+00
2.830517421090240404e+00
3.134244083198996389e+00
2.006046005712597946e+00
3.705448542483850360e+00
3.756314991770794975e+00
3.416315173982867215e+00
4.162251994494336138e+00
2.786562020847683119e+00
3.146085309655793250e+00
2.949791529924831401e+00
4.344345822797090584e+00
3.802463666867958558e+00
3.654162887911380331e+00
3.033570920188838560e+00
3.398560796006894424e+00
3.806818219833555617e+00
3.338943334458636780e+00
4.512511741257310582e+00
3.384555369296403438e+00
3.091723845841406249e+00
2.608218185441882664e+00
2.154255132437280729e+00
3.441210627788333198e+00
3.928542320048121983e+00
3.303571852982646995e+00
3.477795986522480121e+00
2.593163151246285381e+00
2.627934850695136326e+00
3.413959662061368583e+00
3.603823831452957371e+00
1.789880498193739289e+00
3.650458741063432377e+00
2.387323701524686204e+00
2.772407206204329455e+00
2.459537324542282466e+00
2.802600604638421977e+00
2.548857743070915838e+00
2.017521388611636990e+00
2.167178481307144633e+00
1.849205554450591871e+00
1.998350202510355444e+00
1.044561469898366735e+00
1.595964868346063881e+00
1.591693082843481211e+00
1.781374124101022582e+00
9.611566705654674969e-01
8.726542432736130728e-01
1.495967015178597315e+00
1.567411708013333627e+00
1.815090940276638420e+00
-2.719921955885354903e-01
1.034967414999790059e+00
8.893800273417398206e-01
4.061987344051765092e-02
2.225410354389678047e-01
4.641007226773007366e-01
-7.200039801547692964e-01
2.733318100760824820e-01
-1.019785554492795010e-01
-3.592251166830748854e-01
-4.278260847978149761e-01
-3.452132913837602790e-01
-7.104753546038399259e-01
3.665193348508373195e-01
1.634964043552895596e-01
-2.804391345059406015e-01
-8.148747386528545356e-01
-1.151776211085538959e+00
-2.008920559620880564e+00
-8.160885434594918886e-01
-2.744173299511929898e+00
-2.505096081451485990e+00
-1.900247513530842092e+00
-2.415436354896424387e+00
-2.068783291425289939e+00
-2.343050921440758660e+00
-2.279492181628795855e+00
-2.713195725928091662e+00
-2.451499465440627912e+00
-3.477720280100691674e+00
-2.961483015684865716e+00
-2.863555600147026148e+00
-3.045976409587042522e+00
-3.644105126447963361e+00
-3.286764107110037969e+00
-3.173933104165083563e+00
-3.607397581259632169e+00
-3.150620338434908518e+00
-3.057016255860692144e+00
-4.193682199146154588e+00
-4.047305462636318296e+00
-2.781478755910861356e+00
-4.116851017333949869e+00
-2.822634464229128337e+00
-4.021840533765907111e+00
-3.493277476982960206e+00
-3.457191437679486334e+00
-3.926464681156899950e+00
-4.925408819926651915e+00
-3.369965793547093469e+00
-3.468398708981431433e+00
-4.260598801284299242e+00
-3.007613205760329311e+00
-4.052540490570724074e+00
-3.946570968462134399e+00
-3.377252544869484563e+00
-3.016417810627393337e+00
-3.912696246278872803e+00
-4.791470119845723907e+00
-3.795354203462292908e+00
-3.425728292261297270e+00
-3.944514052089409528e+00
-3.123558461076649806e+00
-4.245833674234241073e+00
-3.405338761621456545e+00
-3.214740393288061160e+00
-3.114234588508253410e+00
-4.292595534266889779e+00
-4.190938661629957096e+00
-3.723673164563684690e+00
-2.298006684130062816e+00
-3.376994193589395454e+00
-3.317479778446810634e+00
-2.781860315023798158e+00
-2.793683846441489926e+00
-2.857770170970337809e+00
-3.673786269999930632e+00
-3.603959644775746263e+00
-2.831861655685474322e+00
-3.471829055839493527e+00
-3.220531361327966025e+00
-3.561113401965230185e+00
-2.327899184146176914e+00
-1.353913072023465780e+00
-2.227555540322601946e+00
-3.360016228145601858e+00
-1.136613132806522986e+00
-2.117882006472125767e+00
-1.970029908682636499e+00
-1.199998884906376517e+00
-2.256279427084015854e+00
-1.510396382296146367e+00
-1.593678992940930961e+00
-1.986155463074368743e+00
-1.803738295127562674e+00
-1.503994397386933635e+00
-9.043753078599823247e-01
-9.738841293945128541e-01
-4.483842484115548865e-01
-1.148787587901315410e-01
-5.850982821742705120e-01
-1.501989157638029537e-01
-1.126243013309303986e+00
9.176108560420643823e-01
3.653379358344810424e-02
2.494914286390931268e-02
3.052959959183917937e-01
-3.253090894045872483e-01
1.497279185981141014e-01
1.718158545078872779e-01
2.307633878195305965e-02
-3.607605939476213885e-01
8.214520560904280400e-01
1.112344372035612983e-01
5.917708028479083948e-01
4.572390761923458280e-01
8.731300993574397928e-01
9.804810011877320708e-01
4.782227827520669772e-01
3.478056871643860903e-01
1.634013458692843423e+00
1.809437899655813808e+00
7.654423210540408640e-01
1.979163786480559128e+00
1.926147567584785669e+00
9.724210146416598644e-01
1.499670414905181826e+00
1.093625656797383661e+00
1.873700887504771595e+00
2.071647674620725965e+00
1.888500401115444705e+00
1.329135140089257927e+00
1.745461985413241157e+00
2.235913721449212410e+00
1.733183683780107120e+00
1.363344390183241828e+00
2.084845145518312570e+00
1.978156128897718524e+00
1.585968067764936373e+00
2.228082764002925931e+00
1.973836027294733064e+00
2.923279168077182799e+00
1.991138350431107540e+00
2.031469160109339089e+00
2.013265394123425978e+00
1.733062209902529460e+00
2.294257005466810995e+00
1.842164255705522669e+00
1.660649903679043193e+00
1.903732762098000020e+00
1.418712156921642098e+00
1.874225372251246080e+00
2.325100473038603344e+00
1.837719306253235985e+00
3.375449623367404950e+00
2.430214210702950961e+00
1.663537474556045836e+00
2.328923058264853019e+00
1.731869989812207411e+00
2.320442690422864551e+00
1.716573360560351258e+00
1.975553676008357407e+00
2.356769517455860719e+00
2.362240312952031740e+00
1.729738845003471637e+00
1.973664224933002309e+00
1.787137086549602571e+00
2.429319114348471587e+00
1.922094254984096029e+00
1.785876760058334511e+00
2.643587799310598285e+00
1.431203298260462553e+00
2.693100330625082250e+00
2.306245627385175467e+00
1.945595415986606236e+00
1.623218989327793071e+00
1.950301997456845626e+00
1.271049479610287136e+00
1.449222799354309643e+00
1.840009054770449293e+00
1.818363292231401918e+00
1.355843547923334835e+00
7.913119107708586064e-01
1.588254582419367900e+00
1.455386752767794389e+00
1.459282983176271919e+00
8.039418047726835104e-01
1.289199063556968561e+00
1.688924568557418127e+00
1.882534453059019341e+00
1.082516566822384174e+00
2.118808117462894103e+00
7.699841460619811784e-01
1.924396495396596185e+00
1.491974016825300176e+00
1.482928826272490008e+00
1.194241663731753000e+00
6.455632727236105817e-01
1.292988357627898433e+00
9.611209985290010138e-01
3.199842318105916572e-02
1.508655998108636265e+00
9.531388805708425060e-01
1.462494625459080044e+00
6.748005879101753868e-01
5.187246799158578003e-01
1.404615725662613723e+00
1.230053173605861971e+00
1.613909736250374705e+00
8.947806978323058491e-01
9.319408409722524933e-01
9.101973249684535139e-01
1.205732041195325399e+00
1.009780851228518461e+00
3.645823345556484796e-01
4.878004481192815822e-01
1.018438040232470421e+00
7.705854315601157190e-02
6.042689461274811658e-01
6.113884703919414410e-01
1.459073045166306759e+00
4.555301532961053557e-01
9.245678063260629465e-01
2.849993912160257437e-01
-1.159570760491763775e-01
8.727490049259869487e-01
1.228318812933692383e+00
1.531469365276271755e-01
4.233581107146995315e-01
9.770094504159002602e-01
-1.221792446840989088e-01
-8.645045940785989202e-02
1.118272471261225531e+00
1.927004205104709822e+00
3.127910299528445237e-01
1.776429476790410966e-01
4.387214484567769079e-01
3.629148598821075877e-01
1.037779467153517210e+00
1.403359805602195087e-01
4.112184455348313339e-01
3.565679292582954463e-01
2.819858116377738089e-01
1.519954337984004367e+00
1.136340527381218379e+00
1.583228584720483556e-01
-2.016464368404690122e-01
4.123724068451191105e-01
2.376074558378771240e-02
9.635037995066710881e-01
3.502883881439569635e-01
1.126168590877626885e+00
5.661040622887603124e-01
7.212840903547753646e-01
7.936021155973181918e-01
1.128934190404071281e+00
1.084395255435262051e+00
7.026817194936781918e-01
1.986233805842521627e-01
3.601849097411752298e-01
3.111111509339012926e-01
7.173833771231821199e-01
-2.186692004085423191e-01
-1.925205150465865156e-01
5.292035191542228123e-01
4.859423971848304546e-01
5.767174577125548929e-01
-1.602848492230556365e-01
2.187767511717150504e-01
-6.275404399569191050e-01
2.764552921777117533e-01
-1.473130717676324752e-01
8.473733682262871159e-02
-4.184520913573784862e-01
2.134776364413519256e-01
-2.596026011123548360e-01
5.377703561808440114e-01
4.229751545612501773e-01
-3.202900947412585797e-01
-7.371890520368665212e-02
1.731823440680473336e-01
-4.920348326173443199e-01
-9.858399844253185051e-01
-5.838564120359227561e-01
-6.002298187335139978e-01
-5.152498676075745188e-02
-8.722518550543629789e-01
3.305633867375179502e-02
-7.947862488978227891e-01
-1.308650019817169774e+00
-9.750144005063468011e-01
-9.653024174989645045e-01
-6.128169995636929546e-01
-1.139825994698911771e+00
2.925616697510391440e-02
-1.326157660940357363e+00
-5.766453868741111544e-01
-1.068934999300679367e+00
-1.558506961880796293e+00
-1.171572993884666181e+00
-1.248943807922960447e+00
-1.683829481498679836e-01
-1.387615406259369299e+00
-2.272721721176103493e+00
-1.374684654019402874e+00
-9.018233433817302025e-01
-1.985185095253039655e+00
-3.202972885177890028e+00
-2.950849428355633908e+00
-3.095441795851665123e+00
-1.729567148139427246e+00
-2.020352909316441181e+00
-2.213607863624114103e+00
-2.582798247470532438e+00
-1.614236975040210131e+00
-2.057681624165696554e+00
-1.480688956804726342e+00
-2.589366928153636671e+00
-2.709037636640156066e+00
-2.574882143950808722e+00
-2.999279861075359932e+00
-1.967373335097873044e+00
-2.301343142582204404e+00
-2.725161844422248958e+00
-2.142209741320550087e+00
-2.523464008016491178e+00
-3.294465849075793429e+00
-3.762512017783708806e+00
-1.750567327379801030e+00
-3.263338664406335354e+00
-2.361551126829064984e+00
-2.790968397322238115e+00
-3.139084334375682683e+00
-2.964268780865511044e+00
-2.585728951261407005e+00
-3.276612196462440174e+00
-3.262227426724900958e+00
-2.761546773803724264e+00
-2.809341580709383113e+00
-2.264660911350258488e+00
-2.680625867541515550e+00
-2.211652629573949369e+00
-3.911765451205322819e+00
-2.575536660477637518e+00
-3.590320364632988426e+00
-2.462593510910887407e+00
-2.302895537605981424e+00
-2.487453212060128482e+00
-2.619199351223808758e+00
-2.309948097414296075e+00
-2.385515095708338418e+00
-2.987966734548502146e+00
-2.769408825179095146e+00
-2.567368125971189130e+00
-4.453389343507863529e+00
-3.028802000530437688e+00
-2.524965098813284570e+00
-4.319231006055015420e+00
-2.919266708316462289e+00
-2.838806145230149625e+00
-2.130342981077133047e+00
-2.621279197523481930e+00
-2.500735037513705628e+00
-2.077516600903842825e+00
-1.971354621540167162e+00
-1.608366361482514106e+00
-2.006480559752229720e+00
-2.260450617347538937e+00
-2.005463152296225182e+00
-9.248978855419356382e-01
-1.675755954924357916e+00
-1.638472824807727601e+00
-1.322610431079616067e+00
-1.080647037921018239e+00
-5.156774713298909463e-01
-9.880779743224774592e-01
-1.073914129046255939e+00
-4.612439266830703488e-01
-6.026646208435767482e-01
-2.611673195754574128e-01
-1.093236231292861182e-01
-3.690786611798846928e-01
-5.620277030543555652e-01
-5.451506509731416372e-01
-5.227549349229575482e-01
-2.973666360767909245e-01
-5.075423266724732319e-01
-3.064162205237890846e-01
-4.806066443092283924e-01
8.172294476813349862e-01
2.615603012561109608e-01
-3.421557239928881833e-01
9.889267495060635182e-01
1.062130371996236722e+00
4.165603242601854106e-01
1.241205165573678215e+00
1.470133532609381843e+00
1.469094900439319673e+00
8.189653295967147528e-01
1.410711133757461599e+00
1.010602195818852689e+00
2.205939126155465058e+00
2.225862341728843674e+00
2.998755291088938790e+00
3.027467952037494747e+00
2.015503319656978931e+00
2.867708271833670608e+00
2.503086005800962521e+00
3.440048022019030149e+00
2.481366007738706525e+00
2.369916009970692627e+00
3.048652759608684537e+00
3.330551783477607497e+00
3.238862178346396004e+00
3.594424011713086120e+00
3.472713076392052400e+00
3.483381762810221716e+00
3.410535934526750967e+00
3.337608799866403686e+00
3.562677617851889966e+00
3.848963839643896989e+00
3.493033896142997641e+00
2.976384254847677102e+00
4.494210994468937237e+00
5.329925661895176248e+00
4.090918817353260906e+00
4.339879013435147037e+00
4.464133770665346113e+00
4.100268944464407816e+00
4.025185809755931210e+00
4.265500025646174365e+00
4.380534564164925371e+00
4.107579309805040602e+00
3.567440977981278571e+00
2.359625871600569802e+00
5.188899973647748354e+00
4.065808643397980759e+00
3.823402310390108916e+00
3.317669993756854119e+00
4.199962283941709451e+00
3.922636439730826208e+00
3.711571168220789918e+00
2.672881992912298443e+00
4.509586266733304427e+00
3.600523104413595910e+00
3.676604161881041222e+00
3.269611560896223068e+00
3.898725164248847630e+00
3.614483858947502348e+00
3.137738947656815380e+00
3.935053442931427004e+00
3.677038030443502858e+00
2.531118518095526682e+00
3.972822137058993341e+00
3.831970332787993705e+00
3.739242818927633660e+00
2.255987914949681539e+00
3.740074466929623753e+00
3.085097338727031513e+00
2.549381245131555840e+00
3.651615074381097337e+00
3.009406832200245407e+00
3.411016337942861743e+00
2.972027960482707787e+00
2.962676615419355119e+00
1.882219166237532715e+00
2.458410761748826001e+00
2.337495852270557339e+00
2.760892467918710125e+00
1.970787825449455521e+00
2.014548396178847067e+00
2.749997661252348902e+00
1.144193747210524581e+00
1.254659151269311490e+00
1.065955144920479603e+00
6.720880129056102659e-01
1.273047948721418132e+00
7.302110967292050336e-01
1.441586053929917455e+00
1.465059331013886634e+00
7.809544660322641496e-01
1.765862982442637952e+00
5.294828098969974750e-01
9.293157029635189526e-01
1.118869949423129562e+00
-8.703783619447852393e-01
-6.503682134183500496e-01
-6.862365295648763519e-01
-2.034718051134406513e-01
-2.713832681666242808e-01
-6.242944505458096760e-01
-9.768651695850351091e-01
1.220728953467965505e-01
1.374686190406345654e-01
-6.240317844836988925e-01
-8.696181668766711503e-01
-2.933146149809666703e-01
-7.229636530725118693e-01
-3.863783224493455570e-02
-3.137085079538428634e-01
-7.569195534046039286e-01
-1.681015710653199768e+00
-2.038958095950633709e+00
-1.927707868438742533e+00
-8.758044186475800741e-01
-1.278641784808542958e+00
-2.314419076175778578e+00
-2.431766436375524698e+00
-1.334739794488075448e+00
-1.325602204101192338e+00
-1.100794220825793257e+00
-2.531208348709186318e+00
-1.470013159903381661e+00
-2.394873758257943130e+00
-2.610912515588439842e+00
-1.780040923390366903e+00
-2.411132628789441235e+00
-1.742006397194888034e+00
-2.429837308434173782e+00
-2.959983866631599625e+00
-1.827367828222125068e+00
-2.404042845533211459e+00
-3.768151303459359447e+00
-2.813353608410307238e+00
-1.786206031660455107e+00
-3.499885845318518651e+00
-2.958501983128950297e+00
-2.285785539386977927e+00
-2.792050111862665940e+00
-2.384366573552844315e+00
-3.497340163893972065e+00
-3.061922237736122820e+00
-2.555946100534359111e+00
-3.099684047609601034e+00
-2.330187506031129452e+00
-1.757090135506546025e+00
-1.955704271320452214e+00
-2.732387189917817150e+00
-3.103981405343715139e+00
-3.030232313116401066e+00
-2.672554076042724436e+00
-2.388552941103191163e+00
-2.837975587111646547e+00
-2.671564949965753222e+00
-2.412511510303090745e+00
-1.342229712099161976e+00
-2.793999856445728458e+00
-2.777957365090622854e+00
-2.348837332067175154e+00
-1.707949724931811630e+00
-2.202897425612484028e+00
-1.501573300712294667e+00
-2.597233201157266524e+00
-2.439952171755100707e+00
-1.408695023907172938e+00
-1.912151350479689649e+00
-2.051074044325941870e+00
-2.122034927049310848e+00
-1.735723223008342142e+00
-1.329780704383935808e+00
-2.392360593638942490e-01
-2.099347256647419613e+00
-1.829318304055731037e+00
-1.526444930566962066e+00
-5.505402857529502203e-01
-1.889134893123230130e+00
-1.191597860239432816e+00
-2.000220922097045939e+00
-7.661574784618837564e-01
-2.088983909425653263e+00
-1.429423655553184958e+00
-1.834604329851001747e+00
-2.301460333751425225e+00
-1.451931546981402921e+00
-1.212446555511877966e+00
-1.638905996807652254e+00
-1.200736430278672051e+00
-8.392703197248554403e-01
-9.905198492796916110e-01
-7.447289587262433397e-01
-7.469301034229974823e-01
-3.587030241806102859e-01
-1.622056732981358440e-01
-5.528486188627317333e-01
-2.314207341992534084e-01
-6.180053568857701851e-01
-4.911524298713473291e-01
-1.041358430511926114e+00
-5.359280334945727420e-01
-2.607115697842009583e-01
-3.794518019403517739e-01
-4.050203202412339665e-01
-1.494810409538233520e+00
-6.787087178446338243e-02
-2.318730392153233733e-01
-9.467487091292596801e-01
-1.026343279966702993e-01
5.252163656808641612e-01
-9.211560611222273653e-01
-7.387140074928475464e-01
-3.271173011908368178e-01
-4.003805863643655760e-02
-1.941690231824975132e-01
7.563806752668741917e-02
3.026764593361132571e-01
-4.079214151446940995e-01
-3.974203230570197420e-01
4.119733692926541568e-01
4.739893791618917662e-01
5.911340173941216358e-01
1.313253003374921790e-01
-3.339731512616975206e-03
1.193605290483635284e-01
-4.452360918064684342e-02
-2.735959431447292367e-01
-3.397420078198358229e-01
4.548873900029465900e-01
1.104957010781776772e+00
-2.327027219708807659e-01
-4.116091175946046676e-01
-3.127463586619493863e-01
2.171587450865890556e-01
3.002773656817177006e-01
-3.339485523233878261e-01
3.065404729989251731e-01
-3.713874606895671282e-01
3.780855111547996028e-01
8.811361700970935518e-01
2.113709853905396396e-01
-6.631711457865622217e-01
-3.144190459494560219e-01
-8.528550873466984594e-01
8.792865673067993271e-01
9.183117175066589366e-02
6.137204235524323925e-01
-5.304099691005951245e-01
6.097042400569743226e-01
-1.716916016264858347e-01
5.213215117369125740e-02
-1.026105978561517307e-01
-5.545256901760193813e-01
-6.172331158136223905e-02
-1.092199015343946034e+00
-3.248569389577048994e-01
-2.792604763486923325e-01
-2.783373649443222630e-01
-1.297518292319106425e-01
-5.363486885931889603e-01
-7.834854699431594849e-01
-3.366146053200674282e-01
5.327591173806931479e-01
-1.237264493148137467e-01
4.298008511909595097e-01
-6.512398154934219141e-01
7.040756996156312120e-01
1.068131562462232564e-01
-9.308962749718857621e-02
-4.115015893585026729e-01
-4.539241754377325577e-01
9.488960971949957912e-01
5.041795884569244546e-01
8.367799800447637271e-01
7.170944836379667953e-01
6.154296076103495938e-01
-3.485394348799257802e-01
3.138157210709153211e-01
8.727809739871421613e-01
-2.959143857496371322e-02
6.043397695682961590e-01
1.243022045863193537e+00
8.665994457266761319e-01
9.633871366094813871e-01
2.806311193018579120e-01
1.405628608195014229e+00
1.190365222830974457e+00
1.050438306024934709e+00
1.235787561058013795e+00
8.492629640669761004e-01
8.815681475486090157e-01
1.200712732589911402e+00
3.465651475758833033e-01
1.336454041357377998e+00
1.495934476954655867e+00
1.403143595422839507e+00
3.018484305151343250e+00
5.146492236416800869e-01
1.193036292360643014e+00
1.975518212608597279e+00
1.960066246074398277e+00
1.640543180757291442e+00
2.355293122031353992e+00
1.988720863348460766e+00
1.370591006797406752e+00
1.935356352049841133e+00
1.466632877584672645e+00
2.531488756277632035e+00
1.950693644738207944e+00
2.462229812580031485e+00
2.684419615048790231e+00
2.225444175002396108e+00
2.605315206431205510e+00
2.896313662425556767e+00
2.485818190338797251e+00
2.901122253374762483e+00
2.038578099124680243e+00
1.446129491740771655e+00
1.773524049559171978e+00
2.323869079100963742e+00
2.747929596478996928e+00
3.477198317691748475e+00
2.858192793331343129e+00
2.136191081725473673e+00
3.304704541672257800e+00
1.845143634878092520e+00
2.807241887714032824e+00
2.757942427844354949e+00
2.607567557418794202e+00
2.381530517900748212e+00
4.545113863167488333e+00
3.771707060910904907e+00
3.257216512031145150e+00
3.199555369712455466e+00
3.140557360947879406e+00
2.414084843971920691e+00
3.078478910758752018e+00
2.692053925044576523e+00
2.335942779067161634e+00
2.193134924218013371e+00
3.002442627269376274e+00
2.876073070727887426e+00
2.896957012258567055e+00
2.697800716772321472e+00
2.485853407602168108e+00
2.437719574361182140e+00
1.853287525758194887e+00
1.947502874396646488e+00
2.822819549319027566e+00
2.434461402476082892e+00
1.371900019895013756e+00
1.926915813029261404e+00
4.063153719011969756e+00
1.721242030503625564e+00
3.198373955461126350e+00
2.435550918433406320e+00
1.843510386854754213e+00
1.682293745321448153e+00
2.216306535207611894e+00
1.157135665461662688e+00
1.742430741960845575e+00
1.023063672845160088e+00
1.026309008409004297e+00
1.566552279806946002e+00
1.334276388889689580e+00
3.827330826541959219e-01
1.843580440669496223e+00
1.032139240191933149e+00
1.002581994196641846e+00
1.428281972718829174e+00
4.042362982641634073e-02
1.047798142329551929e+00
1.114492876623137896e+00
1.476516208250305828e-02
1.649169606431712953e-01
6.231594987524140539e-01
4.229523337378852249e-02
-1.527673845514146145e-01
-1.090333979533693043e+00
3.013821644694022472e-01
-1.363387240375581122e+00
7.555997128376856775e-02
-4.095625347391563809e-01
-1.714517683876410015e+00
-9.675629045746629853e-01
-4.920598849741668057e-01
-1.175918581047316502e+00
-1.797177197613622823e+00
-1.080791988076304388e+00
-8.137960071325872624e-01
-1.384601464879479105e+00
-2.898411858266072283e+00
-1.140640404999053725e+00
-2.004413802004307410e+00
-1.755916126552506062e+00
-1.989437421550329876e+00
-2.427259401331221866e+00
-2.573892487057976020e+00
-2.365262742742098911e+00
-2.621208097857539165e+00
-2.892032377936826215e+00
-2.635721960634760830e+00
-1.775841161454122519e+00
-3.090590395466064955e+00
-3.120160396880007792e+00
-2.012392720476158914e+00
-2.090234845189258728e+00
-3.368877637814975401e+00
-2.527186648549738734e+00
-2.826262434936530177e+00
-2.536935741000135636e+00
-4.331168589435455019e+00
-4.119221899315384405e+00
-3.692195770809275857e+00
-4.066054515382905521e+00
-3.295427139950369178e+00
-3.420990344683322082e+00
-3.799514468119992383e+00
-3.991963131450385394e+00
-3.396760389049012119e+00
-3.907521232798607080e+00
-4.237791415606726453e+00
-3.930751824734203925e+00
-4.572870989994060054e+00
-4.693169199858092888e+00
-4.069730058800539396e+00
-4.142915816969603426e+00
-3.112348228316128562e+00
-3.940228056468106921e+00
-4.216851220870655226e+00
-4.200766378031005388e+00
-3.335696355641057487e+00
-3.904603116606605973e+00
-3.264668212650473578e+00
-5.139886939320822634e+00
-4.392169092080595583e+00
-4.183306329086633468e+00
-4.315520815791263232e+00
-4.396554342861528575e+00
-3.165229137438504647e+00
-4.600278758127954504e+00
-4.709917247534140650e+00
-3.790698958378575956e+00
-3.126366964096046530e+00
-4.609095508284778653e+00
-3.658965306080787183e+00
-3.474932156285092777e+00
-2.978690325065297628e+00
-2.744642281154891617e+00
-3.135747513156804445e+00
-3.659158201885501338e+00
-3.182296042973902672e+00
-2.709097150936218501e+00
-3.345654243494567748e+00
-2.534974307502117163e+00
-1.782873090960167772e+00
-2.490780314361278336e+00
-2.904711106923964170e+00
-2.107310656073140720e+00
-3.006473540112394538e+00
-2.830276019558872758e+00
-1.470360415204515991e+00
-2.503120763411605054e+00
-1.984411607620650386e+00
-2.831577719288398853e+00
-1.427442528491620788e+00
-2.115526994755299484e+00
-1.808043686037619668e+00
-1.324238133100711812e+00
-1.396309725826312631e+00
-1.238580966028631103e+00
-6.753199992373006832e-01
-7.532970233488699430e-01
-7.260156061906370972e-01
-5.589616834418991154e-01
-1.159010432239316213e+00
-4.127962200625081568e-01
6.842049846700432036e-01
-2.606452575803052119e-01
-6.302920345528024715e-01
5.170121374273390913e-01
4.337788483375309978e-02
7.029867720725079261e-01
9.338631545622805286e-01
7.254947196221449568e-01
5.881249072334343575e-01
2.545486884222671886e-01
1.072944288415399239e+00
1.005310636821120873e+00
1.055977873810576506e+00
1.275326617563816711e+00
1.105191490983218561e+00
1.169119557104628671e+00
1.565508560878731803e+00
1.880399425639616373e+00
1.442714092770780887e+00
1.678769669136765064e+00
2.124161513014866998e+00
1.847584612774067825e+00
1.299824284417756992e+00
2.902023357557287575e+00
2.527278874488854576e+00
2.568897220850472340e+00
2.306930123418675649e+00
2.914034347385819235e+00
2.918582283194889104e+00
4.105570060107685215e+00
2.590460195916502784e+00
2.627981026373350293e+00
3.301246563689326674e+00
2.537301501273943938e+00
3.148238125563271872e+00
2.571042590880528333e+00
3.374751838779003421e+00
3.328828934054821609e+00
4.105145173543574444e+00
3.018623485555559594e+00
3.668695645605898115e+00
3.421179519699819593e+00
1.751801927134401637e+00
3.740390157162459595e+00
2.431657627119594878e+00
3.094836412635465273e+00
3.652070915535690077e+00
3.718349272118492532e+00
3.905657581000169909e+00
3.832465394980587803e+00
3.269577183770660866e+00
2.279463573948332655e+00
3.177718418725870020e+00
1.907582034324666553e+00
3.367764630196511622e+00
3.699184465430948698e+00
4.078122926858003261e+00
2.979783836064992641e+00
3.127142465329158849e+00
3.674827213864775288e+00
2.484573406389145145e+00
3.099735869883239125e+00
1.802668300548041280e+00
2.580298523077867667e+00
2.547650071781442982e+00
2.461287562150383579e+00
2.926162118276450119e+00
2.914855186729623959e+00
2.493237336469003029e+00
2.417169651222614846e+00
1.744786100717135913e+00
1.816169370870598598e+00
2.305332367797903625e+00
1.332775584675205405e+00
1.821395258130401373e+00
2.781559765435098974e+00
2.393290372771791574e+00
2.004957882972018712e+00
2.561463961445158866e+00
1.878393837468187444e+00
1.361772145195697892e+00
2.037395604542425964e+00
1.919840718437444638e+00
1.902496645053494362e+00
1.763436886431638539e+00
1.609085842192175653e+00
1.325024989845053902e+00
6.981949776251138440e-01
1.160434881857089762e+00
1.786974591543638802e+00
1.119075431598598458e+00
1.169335095909751265e+00
1.121767869266909523e+00
1.715374280500858717e+00
5.799826168793414949e-01
7.143255625768962780e-02
1.936871461884149159e+00
8.421933056094428327e-01
1.138652156024431372e+00
1.044851433039958089e+00
1.277750125880464216e+00
8.444092677178192119e-01
8.129764622880942815e-01
-6.161680574523625831e-02
4.182155459087442684e-01
3.866914008479227505e-01
1.827588456835514963e-01
3.646009475672777889e-01
5.712031637243288745e-02
5.266501751717225233e-01
6.718717141909695822e-01
8.748315605940203132e-02
-3.217409646190388384e-01
-1.010278816011656700e+00
1.881829959311272504e-01
3.777189078581766335e-01
-6.716490736148552632e-01
-7.131622920493435602e-01
-1.592329885390192101e-01
-9.265429467543702113e-01
-5.357633824317066251e-01
-4.912573467429621754e-01
-7.775632793868890724e-01
-9.669431891873053742e-02
-1.353847407529194191e+00
1.690867167793463910e-02
1.376201822994237434e-01
-5.025916725220191950e-02
2.055045444967679158e-01
-6.563756403252056781e-01
3.315704487102300035e-02
-3.312063119073416217e-01
-1.123393344934859206e+00
-3.694206054119987259e-01
-7.420275932497548688e-01
-3.135204692082184663e-01
-1.837908439082150291e+00
-7.807772785915378932e-01
-1.520901949769817296e-01
-1.565067318731598434e+00
-9.972802584690729777e-01
2.947524002635248941e-02
-1.785999619771378999e+00
-3.755526398374745556e-01
-2.167493739418291376e-02
-6.439272553939029420e-01
-2.809823527957160394e-01
-9.621371452626681364e-01
-1.581753479670918949e+00
-1.998636146726157081e+00
-5.822026030515571327e-01
-4.562413579000512698e-02
-9.479128963941035879e-01
-6.062836203675106006e-01
-1.019659834107345731e+00
-1.718627943853667794e-02
-6.025038221910744562e-01
-9.719604097334606507e-01
4.897851412037179664e-01
-1.357150900065570709e-01
1.587359148244634754e-01
-9.508601896505372020e-01
-6.352487379386047017e-01
-4.555856098670776344e-01
-1.233534237854881921e+00
-3.760038419753405914e-01
-9.167068645125608928e-02
-3.528731763013475131e-01
-8.381031637207116969e-01
-1.817522686965933110e+00
2.387067194635656975e-01
-1.316074539316519409e+00
-6.890000390418795639e-01
-9.907073781914643718e-01
-1.204626587943957494e+00
-9.317466599374573111e-01
-4.680785657848520187e-01
-4.708764611665661182e-02
-6.930458261129828212e-01
-1.013396370332844354e+00
-7.435527013280258668e-01
4.104453695571925742e-01
-7.039196341963577241e-01
-7.255963140677188505e-01
-1.176939585237063435e+00
-1.655154301589764509e+00
-1.407166768098479404e+00
-1.046187044679545597e+00
2.959939327704488310e-01
-2.083633302244349395e+00
-8.946699743705193164e-01
-3.861811029365912473e-01
-1.455340849985013563e+00
-6.981166189983216697e-01
-8.853632217710183383e-01
-8.040941022583356634e-01
-3.893080383492997232e-01
-4.386027894761505008e-01
-6.957808384878720886e-01
-8.960396640602280582e-01
-1.750341809248355140e+00
-9.951903187099016002e-01
-9.450585721413917728e-01
-8.729080764284731231e-01
-5.809167152182713734e-01
-1.650960326003844791e+00
-5.248812237017805860e-01
-1.922228710784141814e+00
-2.186040200409764545e+00
-1.627608740765660977e+00
-1.868871150849519935e+00
-1.195049835497598245e+00
-1.281686301924763072e+00
-1.288124879787472477e+00
-1.558121195901877254e+00
-1.709271080423946820e+00
-1.421069412274599708e+00
-2.266774055988327152e+00
-2.180998227438170289e+00
-2.746540450083446938e+00
-2.072401435229540123e+00
-1.774165807638419246e+00
-1.754256846744933096e+00
-1.927994170744529834e+00
-2.235019384544305598e+00
-2.517602604586207882e+00
-2.864956887350273096e+00
-1.966302849415281218e+00
-1.530433114357233171e+00
-2.933860407267918191e+00
-2.297024962297418593e+00
-2.173490967411100705e+00
-2.208737301016391541e+00
-2.803243948793432860e+00
-2.615205893191678399e+00
-2.872678305075670124e+00
-2.247750836661388973e+00
-2.264940545656924265e+00
-2.594862373987929072e+00
-2.689614692418062614e+00
-2.479552866965114344e+00
-1.765107111212558699e+00
-2.458754738752543023e+00
-2.341374765323974039e+00
-2.121756394457099848e+00
-2.835215917769174254e+00
-2.103415371899837627e+00
-2.236964561897622605e+00
-1.987773680025447298e+00
-2.148745314782353422e+00
-2.971623034604344848e+00
-1.698815994507126170e+00
-1.450356863075988434e+00
-2.370277655890788093e+00
-1.472771666548537972e+00
-1.449734726935079765e+00
-1.704391754469266163e+00
-1.763905427200793685e+00
-1.816538575425098445e+00
-1.374020210718095880e+00
-1.069754012248180342e+00
-1.572247150717493547e+00
-7.326707023040869293e-01
-1.587641489573498710e+00
-9.442507251401033308e-01
-7.803251148568219886e-01
-1.884177928763298482e+00
-1.676092800491238766e+00
-1.350946046397928146e+00
-1.641012805478123227e+00
-9.690060448230021217e-01
3.487744722467535086e-01
-1.251251069130171700e+00
2.415058549801809562e-01
-8.578883906924483771e-01
4.319624075135684027e-01
-3.004793557279568650e-01
-1.007799366192829588e-01
-2.168071839424862701e-01
-3.479178358834371099e-01
-8.932291698127182711e-01
6.944686179101929868e-01
1.102879796647683985e+00
6.666829602785631081e-01
5.340643982017505564e-01
6.929601275779240233e-02
5.231695879169273589e-02
1.167255550306121048e-01
6.773986524255161124e-01
1.437192957822069683e+00
1.070647136600219929e+00
1.519838382054923498e+00
1.972989500185987399e+00
2.399504452819939626e+00
9.575229247934080590e-01
1.216432674110132339e+00
2.092673031033802644e+00
1.501002195133601003e+00
1.477900808005368383e+00
2.665153789347768143e+00
2.914942765460792895e+00
3.173097215410664695e+00
1.897588436121060429e+00
2.927850690118651400e+00
2.458853174028535093e+00
2.478025061994491463e+00
3.117764430626122962e+00
2.275254846074586279e+00
3.070511409892201726e+00
2.398724415563640022e+00
3.510070346840682642e+00
2.381586876954239429e+00
2.779718049914803757e+00
3.697585240560397501e+00
3.244619321104026177e+00
3.352158562633559935e+00
4.222497983279017042e+00
3.055105140974775590e+00
1.915913884993238669e+00
3.356803313368542430e+00
3.690808028319257250e+00
4.137145086080652234e+00
4.147440378089168433e+00
4.169020064040244833e+00
4.264273786711751058e+00
3.805923310424450534e+00
4.264442685983648396e+00
3.248538804509454092e+00
4.344132749405143379e+00
3.302816200232866706e+00
3.708414792532483517e+00
3.759139239312685010e+00
3.426484037631899682e+00
3.907742281840587584e+00
3.891527050854378000e+00
4.421697005665978786e+00
4.038363129106726568e+00
3.708227294233565896e+00
3.175602534176884095e+00
3.403739729701554584e+00
4.441879853132676637e+00
3.462016056157616983e+00
3.954048215205558492e+00
4.070864936965882919e+00
4.117683859635677734e+00
4.263711547048106176e+00
2.129586732152208839e+00
3.399804466009458181e+00
3.293505857770599121e+00
2.877331336375656079e+00
3.845203540949449383e+00
3.343072036707741557e+00
2.826785378131956072e+00
2.311051231947558460e+00
3.179298079582938641e+00
2.315993814180552945e+00
3.217582535603833893e+00
2.729884449826800452e+00
2.043959602651776564e+00
2.175723204795499743e+00
2.862192486996994134e+00
3.151956111085620016e+00
2.794438447309880225e+00
2.943872415403066434e+00
1.942844145135982803e+00
2.281137446944945690e+00
7.465088869279850048e-01
1.887324601761920739e+00
1.926166305775513621e+00
1.467596447749830002e+00
1.504493969499998585e+00
1.368762892581449009e+00
1.505856034910285635e+00
1.142337984597190603e+00
7.266831292559474686e-01
3.336370592256572287e-01
1.065028929665818413e+00
6.937703604765601550e-01
7.944594337934224315e-02
6.534254190718076227e-01
-4.112652585380376924e-01
-2.720652757109815467e-01
-2.262667786360946509e-01
7.259644664840186890e-02
-1.257375854091272172e-01
-1.611029723450818074e-01
-1.973465185390248511e-01
-5.905065544925323096e-01
-4.991733313590256960e-01
-6.041658263789799754e-01
-1.273314176425248689e+00
-1.422691154550583814e+00
-1.010308422945582096e+00
-1.122338890260037081e+00
-1.545711929862457978e+00
-2.059815168260663576e+00
-2.067713200852672628e+00
-2.061637463778968282e+00
-1.914913360639625139e+00
-1.775917158280155173e+00
-1.880016494438675245e+00
-1.740679633623473110e+00
-3.160125380411536788e+00
-2.316648758543023767e+00
-2.215062239544705935e+00
-2.331555109833499007e+00
-1.914239110149548839e+00
-1.831694701334942277e+00
-2.875357443871122687e+00
-2.855403181519032163e+00
-2.707864234614473009e+00
-3.279892138675585489e+00
-3.475029109291985829e+00
-2.302807873680744244e+00
-2.995989344724386605e+00
-2.636383956369364512e+00
-3.136863950650715438e+00
-3.782618053743981079e+00
-3.047289269786844113e+00
-2.939437858934538461e+00
-3.251791884945284483e+00
-3.838757478623037844e+00
-2.902106000396635022e+00
-3.515541411749359746e+00
-4.147974905560530168e+00
-3.131447309206345953e+00
-3.867863019021452686e+00
-2.584650309987112315e+00
-3.897860995060271172e+00
-3.500847747075485739e+00
-4.099470453094759215e+00
-3.006782656796495257e+00
-3.565532144605618736e+00
-4.400142977098022712e+00
-2.972673673895152469e+00
-3.647083868014316277e+00
-3.185153525706291067e+00
-3.409059175080777937e+00
-2.292365873080480121e+00
-3.453098412016369689e+00
-3.191370629689198601e+00
-2.936520221834405753e+00
-3.116333758524615138e+00
-3.446529162628255261e+00
-2.692060961962888133e+00
-2.967825072703791367e+00
-3.034317312979678327e+00
-2.155406359072714828e+00
-3.485353166922331880e+00
-2.950060370059059078e+00
-2.000866772327124288e+00
-2.701820819825662134e+00
-2.413622657979839214e+00
-2.281084704581262113e+00
-2.860092584148238970e+00
-1.770743276853295800e+00
-2.370344308691013424e+00
-2.357542973120300811e+00
-2.093266011233099633e+00
-2.366361498149869735e+00
-1.472184802111226931e+00
-1.377302917070080568e+00
-1.645466998646865964e+00
-2.242102224109899122e+00
-4.917016325401253329e-01
-5.356302754247637132e-01
-1.760321188985817020e+00
-1.728590730972026313e+00
-1.421262984782607486e+00
-1.240077327152781184e+00
-1.963557877275053709e+00
-1.675103421323590469e+00
-1.483630220305919734e+00
-1.541781398473774267e+00
3.590916653830711347e-02
-1.222398347839172450e+00
-6.326714265284081318e-01
-7.912980697779595785e-01
-4.387411152971654182e-01
1.094477384743763881e-02
-7.909102413399825560e-01
-3.405974928440952954e-01
-1.319966268967813772e+00
5.466609875471553082e-01
-3.113552101047509790e-01
1.700359340617897119e-01
1.055047640982688523e-01
8.280295225916387558e-01
1.363841889351846415e-01
8.382780685321543634e-01
5.471124152236567229e-01
5.806022488058357744e-01
3.848657580240407161e-01
-1.437094683000634809e-01
1.377016743948592525e-01
2.113761281781524892e-01
2.097254024260257754e-01
6.902751010922543173e-01
1.029822103260026545e+00
1.349244866934401266e+00
9.524074894110030609e-01
1.622322509607470487e+00
1.291429221192099464e+00
1.348184137694028895e+00
1.557505287315985587e-01
1.014013819988118570e+00
6.779121188695353961e-01
2.016203369847484161e+00
1.283861183155131869e+00
1.435066422904719863e+00
1.083908588434596032e+00
4.531560395660436669e-01
2.160142809335004799e+00
1.325577788644753285e+00
1.411979469602942849e+00
1.028902151489561101e+00
4.448154600636403666e-01
2.247016276342068686e+00
1.122431711396351783e+00
5.062530589137341774e-01
4.496693696416718122e-01
1.080189298962210165e+00
1.533899483038289935e+00
9.750546926878717047e-01
1.350455978732006734e+00
7.963374566682560607e-01
5.191895130267331071e-01
1.107476045634162798e+00
1.546014378294721325e+00
4.977032517013032509e-01
5.374123505593504380e-01
6.899912346194896351e-01
4.233945632621516353e-01
8.785205101969129071e-01
5.171636887415210770e-01
1.296588341295322522e+00
1.737061129883804567e+00
7.688991175547781332e-01
7.173898006430521335e-01
1.002361800532794778e+00
1.161964483785409952e+00
1.919420889999296831e+00
1.259300203035368604e+00
1.184166874486278997e+00
6.842365913337309369e-01
1.328847782928969101e+00
5.904119767120383777e-01
9.569341894350044120e-01
5.668603054794982832e-01
5.604745993910893453e-01
9.249124729279789570e-01
-6.506263750038443483e-02
1.202618263708513879e+00
5.867550835037603774e-01
-5.121708364272792302e-02
1.413714879206720454e+00
5.196541284457004695e-01
1.002999228302580814e+00
1.981380006148777406e-01
3.415332646754959400e-01
1.272444664582699447e+00
1.745717340534143958e+00
2.371753313874738200e-01
1.100571714715879112e+00
5.176546808792574783e-01
4.684186302424575010e-01
2.101246177528765635e+00
8.023924188932894941e-01
1.635753348566677534e+00
1.717909849194159566e+00
8.522014875542293089e-01
1.502223772669710744e+00
5.512384071648048778e-01
1.220525209003226585e+00
1.033859672613810954e+00
9.894962875152659709e-01
1.209384451308541886e+00
1.841584159951255018e-01
1.466107215375959560e+00
1.010857097849827468e+00
6.903139844907304479e-01
1.232600484152535314e+00
1.811859061248764613e+00
1.280183348273557620e+00
1.413724760008442827e+00
1.263278546364561272e+00
1.204719728467963158e+00
1.082394655332440392e+00
9.314730051560116131e-01
1.514462034630178477e+00
1.312556667242130715e+00
1.608375876243014257e+00
1.017729673082063080e+00
1.562000475823890344e+00
1.576249795688142941e+00
7.035337830560675076e-01
2.076523971001228208e+00
1.438549168622638152e+00
1.155029819049828710e+00
1.984504828876857196e+00
1.213891606123892464e+00
1.669688111842896783e+00
1.313866057155413491e+00
1.357415571596715109e+00
2.075841607499890440e+00
9.495149096243470366e-01
1.652610696583452388e+00
1.019605989734930995e+00
2.301178238544560717e+00
1.346655925891601768e+00
1.836490842856109973e+00
1.555780044547367513e+00
1.776520792573495378e+00
2.211093558910183443e+00
1.372754697933525225e+00
2.055604056440006211e+00
2.225257446638873482e+00
1.663113770074384545e+00
2.077729905686004575e+00
9.881648174592272404e-01
1.466684717682530614e+00
1.852498198727211776e+00
1.951324676536344338e+00
1.613340014141493972e+00
3.095242608824184671e+00
1.282006088973794311e+00
1.665811247730240696e+00
1.672138992591616580e+00
1.367881607664173105e+00
2.877050213217719588e+00
2.161076342203160028e+00
1.466825194433427848e+00
5.893884542456523379e-01
6.532188372318259439e-01
1.590441138612841199e+00
5.164450212141581398e-01
1.160860511871009138e+00
1.193533467823450600e+00
1.329656793487389521e+00
9.730252491129407488e-01
4.949880220565668898e-01
6.201030035555629150e-01
1.777391828396109652e+00
2.013087608945563822e+00
1.282732095102902869e+00
4.031380673203807108e-01
-1.063094976744199949e-01
8.239944278118584986e-01
1.287273770911049553e+00
1.820159580494442597e-01
1.066835170297026458e+00
6.879175931951233558e-01
2.088869775616321034e-01
-3.741902890072335008e-02
5.751221153224167493e-02
-4.375799008875502771e-01
6.571999208698826589e-01
-1.465761505893913019e-01
-5.605537915688575401e-01
-3.890243109783783626e-01
-3.124524016500292434e-01
3.287909259629345771e-01
-4.104110374603329725e-01
-9.591358755099193001e-01
4.607605866551733875e-02
-6.206981525335313332e-01
-1.126985817063751227e+00
4.886791785133494104e-01
-1.147324269076556602e+00
-9.738381132470653734e-01
-1.132959533742534664e+00
-2.015908794097501566e+00
-6.098075646555430884e-01
-1.374026692842754693e+00
-2.186043520435918097e+00
-2.124697681276248140e+00
-1.582705872329238206e+00
-2.547646525255141459e+00
-1.799363734363907064e+00
-2.120024193675575930e+00
-1.079685580885096474e+00
-8.593156808244371003e-01
-2.511064722130134097e+00
-2.500594586882031400e+00
-1.435573497216528160e+00
-3.394190710368335751e+00
-2.170221414286023887e+00
-2.187994329676776761e+00
-1.818155247575902855e+00
-3.887726727764049706e+00
-3.103626065495538988e+00
-3.327736137735716415e+00
-2.563003379679579918e+00
-3.337109241106150037e+00
-3.363999335654665579e+00
-3.652597861199032181e+00
-2.712165542279571184e+00
-3.338216252598661171e+00
-3.723632883479907285e+00
-3.159145257989319777e+00
-3.672849477598174595e+00
-4.596353206307943751e+00
-3.541857844700659452e+00
-3.099163762960801538e+00
-3.150981747557303425e+00
-3.471174563823836490e+00
-3.431898201473523979e+00
-2.609195928874056047e+00
-3.636569560158462444e+00
-3.176775398583710164e+00
-3.404590562734181258e+00
-3.507296083554782395e+00
-3.640728748483874622e+00
-3.622938272167388618e+00
-3.632830378437294172e+00
-3.972357608629608627e+00
-4.246240808192366600e+00
-3.523815448455766219e+00
-3.764337571186967768e+00
-4.264126367552315777e+00
-4.156790415433096797e+00
-3.883688230631273441e+00
-2.784134213551003434e+00
-4.423500790939606908e+00
-3.328749368674514209e+00
-2.909803054082931606e+00
-3.628528633220684974e+00
-3.720908132163348370e+00
-3.331982311680890430e+00
-3.353458475365142633e+00
-3.729846579162052311e+00
-2.574273657448824526e+00
-3.197187284721902500e+00
-3.568094749746726357e+00
-2.759362373798448953e+00
-2.461048294800151748e+00
-2.496076708599057170e+00
-3.056235626525371174e+00
-2.250238522048671808e+00
-1.871409009294762171e+00
-3.174788424087541472e+00
-2.785987087231050818e+00
-2.121621804673337497e+00
-1.603054082790795531e+00
-1.788910169939333050e+00
-1.828725927683354513e+00
-1.804170969974527416e+00
-2.177920611478355362e+00
-2.009237028255244084e+00
-1.328512738716124852e+00
-2.216064880638930035e+00
-1.212224990047035211e+00
-7.940086028547355124e-01
-7.951244307683887902e-01
-1.188130194692389452e+00
-9.827686969371668413e-01
-9.812273672994263896e-01
-6.130481426099375630e-01
-2.831533397280998621e-01
6.700412054720594757e-02
2.339602338924135494e-01
